0	0
1	0
2	0
3	0
4	0
5	0
6	0
7	0
8	0
9	0
10	0
11	0
12	0
13	0
14	0
15	0
16	0
17	0
18	0
19	0
20	0
21	0
22	0
23	0
24	0
25	0
26	0
27	0
28	0
29	0
30	0
31	0
32	0
33	0
34	0
35	0
36	0
37	0
38	0
39	0
40	0
41	0
42	0
43	0
44	0
45	0
46	0
47	0
48	0
49	-7.5969e-155
50	-7.27536e-152
51	-3.45693e-149
52	-1.08659e-146
53	-2.54167e-144
54	-4.71909e-142
55	-7.2443e-140
56	-9.45692e-138
57	-1.07166e-135
58	-1.07088e-133
59	-9.55376e-132
60	-7.68616e-130
61	-5.62253e-128
62	-3.76574e-126
63	-2.32286e-124
64	-1.32634e-122
65	-7.0415e-121
66	-3.48925e-119
67	-1.61937e-117
68	-7.06039e-116
69	-2.89981e-114
70	-1.1247e-112
71	-4.12858e-111
72	-1.43727e-109
73	-4.75397e-108
74	-1.49655e-106
75	-4.49076e-105
76	-1.28638e-103
77	-3.52221e-102
78	-9.22992e-101
79	-2.31747e-99
80	-5.58125e-98
81	-1.29058e-96
82	-2.86799e-95
83	-6.13051e-94
84	-1.26153e-92
85	-2.50105e-91
86	-4.78064e-90
87	-8.81639e-89
88	-1.56972e-87
89	-2.6999e-86
90	-4.48876e-85
91	-7.21772e-84
92	-1.12305e-82
93	-1.69178e-81
94	-2.46856e-80
95	-3.4906e-79
96	-4.78523e-78
97	-6.36263e-77
98	-8.20874e-76
99	-1.02799e-74
100	-1.25008e-73
101	-1.47665e-72
102	-1.69495e-71
103	-1.89112e-70
104	-2.05165e-69
105	-2.16492e-68
106	-2.22263e-67
107	-2.22076e-66
108	-2.16007e-65
109	-2.04589e-64
110	-1.88737e-63
111	-9.79945e-62
112	-4.87551e-60
113	-2.33563e-58
114	-1.07707e-56
115	-4.77988e-55
116	-2.04074e-53
117	-8.37925e-52
118	-3.30752e-50
119	-1.25458e-48
120	-4.57082e-47
121	-1.59872e-45
122	-5.36539e-44
123	-1.72672e-42
124	-5.32552e-41
125	-1.57296e-39
126	-4.44601e-38
127	-1.20162e-36
128	-3.10263e-35
129	-7.6463e-34
130	-1.79676e-32
131	-4.02136e-31
132	-8.56213e-30
133	-1.73206e-28
134	-3.32445e-27
135	-6.04509e-26
136	-1.03973e-24
137	-1.68857e-23
138	-2.58464e-22
139	-3.72143e-21
140	-5.02963e-20
141	-6.36691e-19
142	-7.53182e-18
143	-8.30716e-17
144	-8.52339e-16
145	-8.11865e-15
146	-7.16685e-14
147	-5.85695e-13
148	-4.43029e-12
149	-3.10491e-11
150	-2.02095e-10
151	-1.22603e-09
152	-6.96069e-09
153	-3.71081e-08
154	-1.8603e-07
155	-8.7609e-07
156	-3.86382e-06
157	-1.58891e-05
158	-6.06188e-05
159	-0.000213348
160	-0.000688262
161	-0.00114995
162	-0.00180111
163	-0.00272523
164	-0.0040258
165	-0.00582866
166	-0.00828253
167	-0.0115567
168	-0.015835
169	-0.0213058
170	-0.0281468
171	-0.0365054
172	-0.0464754
173	-0.0580725
174	-0.0712099
175	-0.085679
176	-0.101138
177	-0.117113
178	-0.133011
179	-0.148153
180	-0.161813
181	-0.17328
182	-0.181912
183	-0.187199
184	-0.188809
185	-0.186626
186	-0.180762
187	-0.171546
188	-0.159498
189	-0.145274
190	-0.12961
191	-0.11326
192	-0.0969318
193	-0.0812413
194	-0.0666777
195	-0.0535862
196	-0.0421668
197	-0.0324873
198	-0.0245057
199	-0.0180974
200	-0.0130844
201	-0.00926119
202	-0.00641734
203	-0.00435329
204	-0.00289105
205	-0.00187965
206	-0.00119643
207	-0.000745587
208	-0.000454913
209	-0.000271765
210	-0.000158969
211	-9.10574e-05
212	-5.10768e-05
213	-2.80587e-05
214	-1.50967e-05
215	-7.95607e-06
216	-4.10731e-06
217	-2.0773e-06
218	-1.02932e-06
219	-4.99804e-07
220	-2.37796e-07
221	-1.10902e-07
222	-5.06963e-08
223	-2.27025e-08
224	-9.99489e-09
225	-4.28286e-09
226	-1.82812e-09
227	-7.46376e-10
228	-3.04705e-10
229	-1.29704e-10
230	-3.48601e-11
231	-3.39258e-11
232	8.97779e-12
233	-1.64166e-11
234	9.1634e-12
235	-5.56104e-12
236	-1.32369e-13
237	4.99338e-12
238	-9.35488e-12
239	1.26273e-11
240	-1.47598e-11
241	1.57156e-11
242	-1.56057e-11
243	1.45973e-11
244	-1.28961e-11
245	1.07135e-11
246	-8.24794e-12
247	5.6702e-12
248	-3.11832e-12
249	6.9497e-13
250	1.52923e-12
251	-3.51271e-12
252	5.23627e-12
253	-6.69812e-12
254	7.90819e-12
255	-8.88372e-12
256	9.6448e-12
257	-1.02118e-11
258	1.06025e-11
259	-1.08312e-11
260	1.09063e-11
261	-1.08312e-11
262	1.06025e-11
263	-1.02118e-11
264	9.6448e-12
265	-8.88372e-12
266	7.90819e-12
267	-6.69812e-12
268	5.23627e-12
269	-3.51271e-12
270	1.52923e-12
271	6.9497e-13
272	-3.11832e-12
273	5.6702e-12
274	-8.24794e-12
275	1.07135e-11
276	-1.28961e-11
277	1.45973e-11
278	-1.56057e-11
279	1.57156e-11
280	-1.47598e-11
281	1.26273e-11
282	-9.35488e-12
283	4.99338e-12
284	-1.32369e-13
285	-5.56104e-12
286	9.1634e-12
287	-1.64166e-11
288	8.97779e-12
289	-3.39258e-11
290	-3.48601e-11
291	-1.29704e-10
292	-3.04705e-10
293	-7.46376e-10
294	-1.82812e-09
295	-4.28286e-09
296	-9.99489e-09
297	-2.27025e-08
298	-5.06963e-08
299	-1.10902e-07
300	-2.37796e-07
301	-4.99804e-07
302	-1.02932e-06
303	-2.0773e-06
304	-4.10731e-06
305	-7.95607e-06
306	-1.50967e-05
307	-2.80587e-05
308	-5.10768e-05
309	-9.10574e-05
310	-0.000158969
311	-0.000271765
312	-0.000454913
313	-0.000745587
314	-0.00119643
315	-0.00187965
316	-0.00289105
317	-0.00435329
318	-0.00641734
319	-0.00926119
320	-0.0130844
321	-0.0180974
322	-0.0245057
323	-0.0324873
324	-0.0421668
325	-0.0535862
326	-0.0666777
327	-0.0812413
328	-0.0969318
329	-0.11326
330	-0.12961
331	-0.145274
332	-0.159498
333	-0.171546
334	-0.180762
335	-0.186626
336	-0.188809
337	-0.187199
338	-0.181912
339	-0.17328
340	-0.161813
341	-0.148153
342	-0.133011
343	-0.117113
344	-0.101138
345	-0.085679
346	-0.07121
347	-0.0580726
348	-0.0464755
349	-0.0365055
350	-0.0281471
351	-0.0213063
352	-0.015836
353	-0.0115584
354	-0.00828579
355	-0.00583457
356	-0.0040363
357	-0.00274359
358	-0.00183262
359	-0.00120311
360	-0.000776388
361	-0.000492548
362	-0.000307238
363	-0.000188459
364	-0.000113692
365	-6.74642e-05
366	-3.93826e-05
367	-2.26193e-05
368	-1.27837e-05
369	-7.1103e-06
370	-3.89249e-06
371	-2.09762e-06
372	-1.11288e-06
373	-5.81376e-07
374	-2.9911e-07
375	-1.51574e-07
376	-7.56503e-08
377	-3.71726e-08
378	-1.79671e-08
379	-8.52962e-09
380	-3.96908e-09
381	-1.8058e-09
382	-8.01089e-10
383	-3.4556e-10
384	-1.44571e-10
385	-5.85286e-11
386	-2.2886e-11
387	-8.63059e-12
388	-3.13539e-12
389	-1.09642e-12
390	-3.68866e-13
391	-1.19352e-13
392	-3.71369e-14
393	-1.11119e-14
394	-3.19754e-15
395	-8.85028e-16
396	-2.35668e-16
397	-6.03879e-17
398	-1.48941e-17
399	-3.53679e-18
400	-8.08814e-19
401	-1.78174e-19
402	-3.78185e-20
403	-7.73631e-21
404	-1.52556e-21
405	-2.90054e-22
406	-5.31822e-23
407	-9.40517e-24
408	-1.60452e-24
409	-2.64096e-25
410	-4.19437e-26
411	-6.41784e-27
412	-9.23865e-28
413	-1.14696e-28
414	-1.02713e-29
415	-5.22134e-31
416	-1.22882e-32
417	-1.20774e-34
418	-4.87593e-37
419	-8.33237e-40
