0	0
1	0
2	0
3	0
4	0
5	0
6	0
7	0
8	0
9	0
10	0
11	0
12	0
13	0
14	0
15	0
16	0
17	0
18	0
19	0
20	0
21	0
22	0
23	0
24	0
25	0
26	0
27	0
28	0
29	0
30	0
31	0
32	0
33	0
34	0
35	0
36	0
37	0
38	0
39	0
40	0
41	0
42	0
43	0
44	0
45	0
46	0
47	0
48	0
49	0
50	0
51	0
52	0
53	0
54	0
55	0
56	0
57	0
58	0
59	0
60	0
61	0
62	0
63	0
64	0
65	0
66	0
67	0
68	0
69	0
70	0
71	0
72	0
73	0
74	0
75	0
76	0
77	0
78	0
79	-2.85866e-140
80	-2.38418e-137
81	-9.85595e-135
82	-2.69252e-132
83	-5.46832e-130
84	-8.80625e-128
85	-1.17133e-125
86	-1.32352e-123
87	-1.29682e-121
88	-1.1193e-119
89	-8.61606e-118
90	-5.97456e-116
91	-3.76291e-114
92	-2.16754e-112
93	-1.14867e-110
94	-5.62869e-109
95	-2.56164e-107
96	-1.08695e-105
97	-4.31481e-104
98	-1.60732e-102
99	-5.63396e-101
100	-1.86279e-99
101	-5.82262e-98
102	-1.72408e-96
103	-4.84487e-95
104	-1.29428e-93
105	-3.29212e-92
106	-7.98443e-91
107	-1.8489e-89
108	-4.0928e-88
109	-8.67088e-87
110	-1.75998e-85
111	-2.19891e-83
112	-2.60957e-81
113	-2.95105e-79
114	-3.18167e-77
115	-3.27188e-75
116	-3.2105e-73
117	-3.00696e-71
118	-2.68895e-69
119	-2.29632e-67
120	-1.87307e-65
121	-1.45948e-63
122	-1.08641e-61
123	-7.72592e-60
124	-5.24873e-58
125	-3.40619e-56
126	-2.11122e-54
127	-1.2496e-52
128	-7.06107e-51
129	-3.80807e-49
130	-1.95937e-47
131	-9.61448e-46
132	-4.49695e-44
133	-2.00379e-42
134	-8.50074e-41
135	-3.431e-39
136	-1.31643e-37
137	-4.79738e-36
138	-1.65884e-34
139	-5.4365e-33
140	-1.68661e-31
141	-4.94644e-30
142	-1.36928e-28
143	-3.57172e-27
144	-8.76238e-26
145	-2.01748e-24
146	-4.34924e-23
147	-8.75552e-22
148	-1.64107e-20
149	-2.85432e-19
150	-4.58971e-18
151	-6.79458e-17
152	-9.21767e-16
153	-1.14013e-14
154	-1.27884e-13
155	-1.29372e-12
156	-1.17464e-11
157	-9.54242e-11
158	-6.93981e-10
159	-4.54841e-09
160	-2.72359e-08
161	-5.79478e-08
162	-1.18327e-07
163	-2.36679e-07
164	-4.65666e-07
165	-9.01831e-07
166	-1.71907e-06
167	-3.22492e-06
168	-5.95311e-06
169	-1.08124e-05
170	-1.93197e-05
171	-3.39567e-05
172	-5.87007e-05
173	-9.97917e-05
174	-0.000166811
175	-0.000274144
176	-0.000442894
177	-0.000703285
178	-0.00109753
179	-0.00168306
180	-0.00253584
181	-0.00375343
182	-0.00545711
183	-0.00779233
184	-0.0109266
185	-0.015044
186	-0.0203351
187	-0.026982
188	-0.0351396
189	-0.0449115
190	-0.0563253
191	-0.069308
192	-0.0836651
193	-0.0990684
194	-0.115055
195	-0.131042
196	-0.146352
197	-0.160261
198	-0.172048
199	-0.18106
200	-0.186769
201	-0.188825
202	-0.187088
203	-0.181648
204	-0.172815
205	-0.161088
206	-0.147113
207	-0.131618
208	-0.115354
209	-0.0990342
210	-0.0832817
211	-0.0685981
212	-0.0553424
213	-0.0437298
214	-0.0338425
215	-0.0256512
216	-0.019042
217	-0.0138445
218	-0.00985835
219	-0.00687545
220	-0.00469654
221	-0.00314229
222	-0.00205931
223	-0.00132197
224	-0.000831316
225	-0.00051213
226	-0.000309092
227	-0.000182776
228	-0.000105901
229	-6.01272e-05
230	-3.34551e-05
231	-1.82436e-05
232	-9.75119e-06
233	-5.10908e-06
234	-2.62427e-06
235	-1.32162e-06
236	-6.52616e-07
237	-3.16066e-07
238	-1.50094e-07
239	-6.99451e-08
240	-3.19542e-08
241	-1.43339e-08
242	-6.30853e-09
243	-2.71552e-09
244	-1.1649e-09
245	-4.66229e-10
246	-2.11736e-10
247	-6.19272e-11
248	-4.79038e-11
249	4.62421e-12
250	-2.03523e-11
251	1.30167e-11
252	-1.40834e-11
253	1.1932e-11
254	-1.0969e-11
255	9.70194e-12
256	-8.73648e-12
257	7.91429e-12
258	-7.32577e-12
259	6.96345e-12
260	-6.84256e-12
261	6.96345e-12
262	-7.32577e-12
263	7.91429e-12
264	-8.73648e-12
265	9.70194e-12
266	-1.0969e-11
267	1.1932e-11
268	-1.40834e-11
269	1.30167e-11
270	-2.03523e-11
271	4.62421e-12
272	-4.79038e-11
273	-6.19272e-11
274	-2.11736e-10
275	-4.66229e-10
276	-1.1649e-09
277	-2.71552e-09
278	-6.30853e-09
279	-1.43339e-08
280	-3.19542e-08
281	-6.99451e-08
282	-1.50094e-07
283	-3.16066e-07
284	-6.52616e-07
285	-1.32162e-06
286	-2.62427e-06
287	-5.10908e-06
288	-9.75119e-06
289	-1.82436e-05
290	-3.34551e-05
291	-6.01272e-05
292	-0.000105901
293	-0.000182776
294	-0.000309092
295	-0.00051213
296	-0.000831316
297	-0.00132197
298	-0.00205931
299	-0.00314229
300	-0.00469654
301	-0.00687545
302	-0.00985835
303	-0.0138445
304	-0.019042
305	-0.0256512
306	-0.0338425
307	-0.0437298
308	-0.0553424
309	-0.0685981
310	-0.0832817
311	-0.0990342
312	-0.115354
313	-0.131618
314	-0.147113
315	-0.161088
316	-0.172815
317	-0.181648
318	-0.187088
319	-0.188825
320	-0.186769
321	-0.18106
322	-0.172048
323	-0.160261
324	-0.146352
325	-0.131042
326	-0.115055
327	-0.0990684
328	-0.0836651
329	-0.069308
330	-0.0563253
331	-0.0449115
332	-0.0351396
333	-0.026982
334	-0.0203351
335	-0.015044
336	-0.0109266
337	-0.00779233
338	-0.00545711
339	-0.00375343
340	-0.00253584
341	-0.00168306
342	-0.00109753
343	-0.000703285
344	-0.000442894
345	-0.000274144
346	-0.000166811
347	-9.97917e-05
348	-5.87007e-05
349	-3.39567e-05
350	-1.93197e-05
351	-1.08124e-05
352	-5.95311e-06
353	-3.22492e-06
354	-1.71907e-06
355	-9.0184e-07
356	-4.65691e-07
357	-2.36751e-07
358	-1.18516e-07
359	-5.84133e-08
360	-2.83286e-08
361	-1.34994e-08
362	-6.30677e-09
363	-2.87992e-09
364	-1.28086e-09
365	-5.52799e-10
366	-2.30707e-10
367	-9.28208e-11
368	-3.59102e-11
369	-1.33328e-11
370	-4.74385e-12
371	-1.61589e-12
372	-5.26611e-13
373	-1.64142e-13
374	-4.89263e-14
375	-1.39468e-14
376	-3.80259e-15
377	-9.91858e-16
378	-2.47572e-16
379	-5.9151e-17
380	-1.35321e-17
381	-2.9651e-18
382	-6.22467e-19
383	-1.25233e-19
384	-2.41522e-20
385	-4.46619e-21
386	-7.92049e-22
387	-1.34736e-22
388	-2.19887e-23
389	-3.44317e-24
390	-5.17372e-25
391	-7.46046e-26
392	-1.03244e-26
393	-1.3712e-27
394	-1.74772e-28
395	-2.13771e-29
396	-2.50899e-30
397	-2.82533e-31
398	-3.05208e-32
399	-3.16225e-33
400	-3.14177e-34
401	-2.9924e-35
402	-2.7315e-36
403	-2.38876e-37
404	-2.00065e-38
405	-1.60404e-39
406	-1.23054e-40
407	-9.02795e-42
408	-6.33066e-43
409	-4.24035e-44
410	-2.71115e-45
411	-1.64942e-46
412	-9.26763e-48
413	-4.35079e-49
414	-1.41047e-50
415	-2.49546e-52
416	-1.99587e-54
417	-6.5773e-57
418	-8.80496e-60
419	-4.92584e-63
