0	0
1	-0.000592337
2	-0.00694669
3	-0.0288518
4	-0.0468875
5	-0.0416298
6	-0.0263002
7	-0.0124609
8	-0.00261898
9	0.00389779
10	0.00787929
11	0.0097537
12	0.00988739
13	0.00871911
14	0.00672021
15	0.00434734
16	0.00200008
17	-1.17511e-05
18	-0.0014878
19	-0.00234205
20	-0.00259345
21	-0.00234454
22	-0.00175191
23	-0.000993441
24	-0.000237242
25	0.00038327
26	0.000785085
27	0.000940702
28	0.000873088
29	0.000642636
30	0.000329415
31	1.45102e-05
32	-0.000235972
33	-0.000381551
34	-0.00041131
35	-0.000341209
36	-0.000206214
37	-4.95543e-05
38	8.82124e-05
39	0.00017794
40	0.000206779
41	0.000178606
42	0.000110492
43	2.65301e-05
44	-4.91555e-05
45	-9.84281e-05
46	-0.000112831
47	-9.43258e-05
48	-5.32569e-05
49	-4.41468e-06
50	3.75481e-05
51	6.20563e-05
52	6.4934e-05
53	4.86759e-05
54	2.08377e-05
55	-8.78636e-06
56	-3.12636e-05
57	-4.09918e-05
58	-3.69003e-05
59	-2.21815e-05
60	-2.79551e-06
61	1.46702e-05
62	2.50787e-05
63	2.6137e-05
64	1.87586e-05
65	6.39155e-06
66	-6.36615e-06
67	-1.53588e-05
68	-1.81484e-05
69	-1.46014e-05
70	-6.66934e-06
71	2.4831e-06
72	9.65508e-06
73	1.26744e-05
74	1.10104e-05
75	5.77598e-06
76	-8.2459e-07
77	-6.36092e-06
78	-9.03333e-06
79	-8.22858e-06
80	-4.61179e-06
81	2.34676e-07
82	4.45855e-06
83	6.61868e-06
84	6.15701e-06
85	3.51272e-06
86	-1.30852e-07
87	-3.34397e-06
88	-4.99276e-06
89	-4.62573e-06
90	-2.57694e-06
91	2.28348e-07
92	2.66951e-06
93	3.86515e-06
94	3.48182e-06
95	1.81175e-06
96	-3.91328e-07
97	-2.23732e-06
98	-3.05032e-06
99	-2.60936e-06
100	-1.19575e-06
101	5.56532e-07
102	1.93498e-06
103	2.43202e-06
104	1.92702e-06
105	7.03173e-07
106	-6.95334e-07
107	-1.69845e-06
108	-1.93829e-06
109	-1.38031e-06
110	-3.12174e-07
111	1.45929e-06
112	-1.38109e-07
113	-1.47639e-06
114	5.14772e-07
115	2.1101e-06
116	-1.93802e-06
117	-2.44533e-06
118	4.83279e-06
119	1.00809e-06
120	-8.38601e-06
121	2.88755e-06
122	1.15995e-05
123	-8.78533e-06
124	-1.50348e-05
125	1.64509e-05
126	2.12449e-05
127	-2.66894e-05
128	-3.44635e-05
129	3.90641e-05
130	6.22458e-05
131	-4.63967e-05
132	-0.000116917
133	2.42133e-05
134	0.00020475
135	8.64596e-05
136	-0.000279063
137	-0.000369475
138	0.000136545
139	0.000763855
140	0.000609835
141	-0.000577257
142	-0.00181455
143	-0.00157423
144	0.000772933
145	0.00405644
146	0.00577213
147	0.00357927
148	-0.00326347
149	-0.0134483
150	-0.0242958
151	-0.0330046
152	-0.037727
153	-0.0380189
154	-0.0346456
155	-0.0290266
156	-0.0226547
157	-0.0167072
158	-0.0119026
159	-0.00854451
160	-0.00664906
161	-0.00548331
162	-0.00448904
163	-0.00364876
164	-0.00294489
165	-0.00236032
166	-0.00187885
167	-0.00148552
168	-0.00116671
169	-0.000910308
170	-0.000705642
171	-0.000543483
172	-0.000415932
173	-0.000316318
174	-0.000239066
175	-0.000179568
176	-0.000134055
177	-9.94733e-05
178	-7.33702e-05
179	-5.37956e-05
180	-3.92108e-05
181	-2.84128e-05
182	-2.04683e-05
183	-1.46594e-05
184	-1.04381e-05
185	-7.38917e-06
186	-5.20003e-06
187	-3.63727e-06
188	-2.52742e-06
189	-1.74274e-06
190	-1.18975e-06
191	-8.00577e-07
192	-5.2643e-07
193	-3.32165e-07
194	-1.92821e-07
195	-9.04221e-08
196	-1.2336e-08
197	5.02066e-08
198	1.02906e-07
199	1.49029e-07
200	1.89956e-07
201	2.25743e-07
202	2.55476e-07
203	2.77869e-07
204	2.91432e-07
205	2.94916e-07
206	2.87797e-07
207	2.70611e-07
208	2.46093e-07
209	2.19427e-07
210	1.99206e-07
211	1.96987e-07
212	2.26511e-07
213	3.01589e-07
214	4.3289e-07
215	6.23961e-07
216	8.66897e-07
217	1.13836e-06
218	1.39752e-06
219	1.5865e-06
220	1.63509e-06
221	1.47034e-06
222	1.03023e-06
223	2.8125e-07
224	-7.64824e-07
225	-2.03743e-06
226	-3.40303e-06
227	-4.6734e-06
228	-5.62871e-06
229	-6.05362e-06
230	-5.78163e-06
231	-4.73796e-06
232	-2.97176e-06
233	-6.66314e-07
234	1.87785e-06
235	4.28783e-06
236	6.18438e-06
237	7.25586e-06
238	7.32354e-06
239	6.38247e-06
240	4.60615e-06
241	2.31318e-06
242	-9.77627e-08
243	-2.22954e-06
244	-3.76476e-06
245	-4.52328e-06
246	-4.48557e-06
247	-3.77924e-06
248	-2.63504e-06
249	-1.32583e-06
250	-1.04826e-07
251	8.41545e-07
252	1.41841e-06
253	1.62178e-06
254	1.51833e-06
255	1.21432e-06
256	8.23611e-07
257	4.42283e-07
258	1.34757e-07
259	-6.9638e-08
260	-1.70815e-07
261	-1.88063e-07
262	-1.49342e-07
263	-8.26878e-08
264	-1.04765e-08
265	5.25226e-08
266	9.9389e-08
267	1.291e-07
268	1.44476e-07
269	1.50017e-07
270	1.50257e-07
271	1.48453e-07
272	1.46622e-07
273	1.45429e-07
274	1.44876e-07
275	1.44792e-07
276	1.45204e-07
277	1.46297e-07
278	1.48416e-07
279	1.51481e-07
280	1.55104e-07
281	1.58706e-07
282	1.61661e-07
283	1.63655e-07
284	1.64966e-07
285	1.66166e-07
286	1.67801e-07
287	1.70205e-07
288	1.73118e-07
289	1.7598e-07
290	1.78151e-07
291	1.79348e-07
292	1.79737e-07
293	1.80043e-07
294	1.80818e-07
295	1.82445e-07
296	1.84714e-07
297	1.87e-07
298	1.88479e-07
299	1.88935e-07
300	1.88501e-07
301	1.87839e-07
302	1.8773e-07
303	1.88628e-07
304	1.90218e-07
305	1.91842e-07
306	1.92732e-07
307	1.92373e-07
308	1.90998e-07
309	1.89384e-07
310	1.88399e-07
311	1.88437e-07
312	1.89418e-07
313	1.90465e-07
314	1.90665e-07
315	1.89483e-07
316	1.87204e-07
317	1.84551e-07
318	1.82595e-07
319	1.81919e-07
320	1.82263e-07
321	1.82731e-07
322	1.82296e-07
323	1.80336e-07
324	1.76978e-07
325	1.73317e-07
326	1.70434e-07
327	1.68995e-07
328	1.6876e-07
329	1.68792e-07
330	1.67715e-07
331	1.6485e-07
332	1.60514e-07
333	1.55746e-07
334	1.51901e-07
335	1.4979e-07
336	1.4917e-07
337	1.48705e-07
338	1.4705e-07
339	1.4332e-07
340	1.37843e-07
341	1.31939e-07
342	1.27207e-07
343	1.24566e-07
344	1.23595e-07
345	1.22842e-07
346	1.20556e-07
347	1.15892e-07
348	1.09174e-07
349	1.02105e-07
350	9.66087e-08
351	9.35915e-08
352	9.24867e-08
353	9.14886e-08
354	8.86068e-08
355	8.27567e-08
356	7.47334e-08
357	6.65439e-08
358	6.04329e-08
359	5.73522e-08
360	5.63157e-08
361	5.51329e-08
362	5.14116e-08
363	4.42332e-08
364	3.47476e-08
365	2.56194e-08
366	1.92647e-08
367	1.6442e-08
368	1.56979e-08
369	1.41115e-08
370	9.27076e-09
371	4.84923e-10
372	-1.03673e-08
373	-2.00581e-08
374	-2.61284e-08
375	-2.8279e-08
376	-2.87295e-08
377	-2.98438e-08
378	-2.86106e-08
379	-3.09503e-09
380	1.2111e-07
381	5.50552e-07
382	1.79647e-06
383	5.01282e-06
384	1.25979e-05
385	2.91696e-05
386	6.30139e-05
387	0.000128047
388	0.000246216
389	0.000450106
390	0.00078528
391	0.00131171
392	0.00210352
393	0.00324622
394	0.00483091
395	0.00694534
396	0.00966218
397	0.0130258
398	0.0170393
399	0.0216537
400	0.0267618
401	0.0321985
402	0.0377475
403	0.0431558
404	0.0481538
405	0.052478
406	0.0558951
407	0.058223
408	0.0593468
409	0.0592276
410	0.057903
411	0.0554733
412	0.0518952
413	0.046477
414	0.0376316
415	0.0238986
416	0.00754817
417	-0.00303075
418	-0.00306541
419	-0.000551978
