0	0
1	-2.5952e-14
2	-1.55759e-12
3	-3.97589e-11
4	-4.29669e-10
5	-2.14592e-09
6	-6.09926e-09
7	-1.25768e-08
8	-2.23746e-08
9	-3.76847e-08
10	-6.24246e-08
11	-1.0261e-07
12	-1.67423e-07
13	-2.71159e-07
14	-4.35917e-07
15	-6.95573e-07
16	-1.10161e-06
17	-1.7316e-06
18	-2.70138e-06
19	-4.18243e-06
20	-6.42629e-06
21	-9.79859e-06
22	-1.48259e-05
23	-2.22596e-05
24	-3.31612e-05
25	-4.90164e-05
26	-7.18836e-05
27	-0.000104586
28	-0.000150955
29	-0.000216136
30	-0.000306965
31	-0.000432419
32	-0.000604152
33	-0.000837109
34	-0.00115022
35	-0.00156714
36	-0.00211704
37	-0.00283534
38	-0.0037644
39	-0.00495403
40	-0.00646171
41	-0.00835246
42	-0.0106981
43	-0.013576
44	-0.0170667
45	-0.0212508
46	-0.0262049
47	-0.0319962
48	-0.0386761
49	-0.0462735
50	-0.0547867
51	-0.0641756
52	-0.0743547
53	-0.0851867
54	-0.0964783
55	-0.107979
56	-0.119382
57	-0.130332
58	-0.140437
59	-0.149282
60	-0.15645
61	-0.161546
62	-0.164226
63	-0.16422
64	-0.16136
65	-0.155599
66	-0.14703
67	-0.135888
68	-0.122547
69	-0.107507
70	-0.0913648
71	-0.0747807
72	-0.0584336
73	-0.0429753
74	-0.0289843
75	-0.016924
76	-0.00711086
77	0.000304802
78	0.00534351
79	0.00818504
80	0.00914246
81	0.00862425
82	0.00708889
83	0.00499717
84	0.00276762
85	0.000740279
86	-0.000847365
87	-0.00187009
88	-0.00231001
89	-0.00223884
90	-0.00179088
91	-0.00113135
92	-0.000425052
93	0.000189998
94	0.000620557
95	0.000825925
96	0.000815524
97	0.000638057
98	0.000365257
99	7.39171e-05
100	-0.000170216
101	-0.000323839
102	-0.000371182
103	-0.000322621
104	-0.000207984
105	-6.66865e-05
106	6.27455e-05
107	0.000151371
108	0.000185036
109	0.000165364
110	0.000106853
111	-9.43848e-05
112	-0.000165649
113	-1.34951e-05
114	0.000268324
115	0.000303741
116	-0.000244209
117	-0.000948834
118	-0.000671675
119	0.00113071
120	0.00326965
121	0.00328512
122	-0.000891205
123	-0.00946208
124	-0.0204518
125	-0.0306971
126	-0.0374162
127	-0.0392986
128	-0.036672
129	-0.0309833
130	-0.0240099
131	-0.0172243
132	-0.0115214
133	-0.00722785
134	-0.00427142
135	-0.00238765
136	-0.00126664
137	-0.000639178
138	-0.000307962
139	-0.000141723
140	-6.2506e-05
141	-2.65143e-05
142	-1.07126e-05
143	-4.26526e-06
144	-1.55897e-06
145	-5.96216e-07
146	-2.0189e-07
147	-6.15608e-08
148	-3.66218e-08
149	8.79648e-09
150	-1.82501e-08
151	1.37184e-08
152	-1.23058e-08
153	9.60751e-09
154	-7.40444e-09
155	5.43519e-09
156	-3.85535e-09
157	2.60023e-09
158	-1.60313e-09
159	7.64627e-10
160	2.20224e-11
161	-5.23884e-10
162	-7.88755e-10
163	-5.86399e-10
164	-5.37375e-11
165	5.2733e-10
166	8.11708e-10
167	6.27831e-10
168	8.13728e-11
169	-5.25361e-10
170	-8.38642e-10
171	-6.69581e-10
172	-1.0986e-10
173	5.19379e-10
174	8.72231e-10
175	7.04996e-10
176	1.49772e-10
177	-5.22393e-10
178	-8.98834e-10
179	-7.46295e-10
180	-1.9329e-10
181	5.32814e-10
182	9.12453e-10
183	8.07421e-10
184	2.20551e-10
185	-5.27417e-10
186	-9.35734e-10
187	-8.70932e-10
188	-2.40716e-10
189	5.04305e-10
190	9.82165e-10
191	9.13666e-10
192	2.8408e-10
193	-4.96065e-10
194	-1.0217e-09
195	-9.59244e-10
196	-3.37588e-10
197	5.01619e-10
198	1.04321e-09
199	1.03042e-09
200	3.70129e-10
201	-4.84206e-10
202	-1.08554e-09
203	-1.09079e-09
204	-4.13067e-10
205	4.66384e-10
206	1.13758e-09
207	1.13937e-09
208	4.80927e-10
209	-4.74698e-10
210	-1.16302e-09
211	-1.22042e-09
212	-5.26104e-10
213	4.60923e-10
214	1.20769e-09
215	1.2948e-09
216	5.79652e-10
217	-4.44961e-10
218	-1.26484e-09
219	-1.35709e-09
220	-6.60248e-10
221	4.56633e-10
222	1.29567e-09
223	1.45528e-09
224	7.14105e-10
225	-4.37426e-10
226	-1.36152e-09
227	-1.53064e-09
228	-7.96321e-10
229	4.3583e-10
230	1.42219e-09
231	1.61766e-09
232	8.8096e-10
233	-4.35168e-10
234	-1.48392e-09
235	-1.72449e-09
236	-9.48742e-10
237	4.08868e-10
238	1.58222e-09
239	1.81583e-09
240	1.05036e-09
241	-4.06496e-10
242	-1.63892e-09
243	-1.93788e-09
244	-1.0754e-09
245	4.39716e-10
246	1.84852e-09
247	2.23668e-09
248	1.46497e-09
249	6.4017e-12
250	-1.17347e-09
251	-1.21849e-09
252	2.98395e-10
253	2.84957e-09
254	5.61487e-09
255	7.81805e-09
256	9.34645e-09
257	1.09193e-08
258	1.39877e-08
259	1.97851e-08
260	2.90409e-08
261	4.15964e-08
262	5.66893e-08
263	7.34998e-08
264	9.19862e-08
265	1.12711e-07
266	1.36676e-07
267	1.64449e-07
268	1.95442e-07
269	2.27391e-07
270	2.57063e-07
271	2.80791e-07
272	2.95571e-07
273	2.99591e-07
274	2.92557e-07
275	2.75122e-07
276	2.49227e-07
277	2.18373e-07
278	1.88817e-07
279	1.70437e-07
280	1.77498e-07
281	2.26964e-07
282	3.35391e-07
283	5.13612e-07
284	7.61035e-07
285	1.05979e-06
286	1.37171e-06
287	1.63813e-06
288	1.7843e-06
289	1.72823e-06
290	1.39485e-06
291	7.33442e-07
292	-2.63309e-07
293	-1.54269e-06
294	-2.9829e-06
295	-4.39704e-06
296	-5.55364e-06
297	-6.21312e-06
298	-6.17605e-06
299	-5.33272e-06
300	-3.70233e-06
301	-1.44863e-06
302	1.13406e-06
303	3.66636e-06
304	5.75217e-06
305	7.05651e-06
306	7.37431e-06
307	6.67551e-06
308	5.11665e-06
309	3.02014e-06
310	8.34264e-07
311	-8.99464e-07
312	-1.53172e-06
313	-1.92263e-07
314	4.4859e-06
315	1.48771e-05
316	3.51854e-05
317	7.26435e-05
318	0.000139122
319	0.00025311
320	0.000441933
321	0.000743898
322	0.00120992
323	0.00190402
324	0.00290199
325	0.00428764
326	0.00614623
327	0.00855501
328	0.0115717
329	0.015222
330	0.0194875
331	0.0242973
332	0.0295232
333	0.0349822
334	0.0404459
335	0.0456558
336	0.0503442
337	0.0542581
338	0.0571822
339	0.0589585
340	0.0595006
341	0.0587998
342	0.0569237
343	0.0540068
344	0.0502352
345	0.0458282
346	0.0410181
347	0.0360317
348	0.0310741
349	0.0263181
350	0.0218968
351	0.017902
352	0.0143859
353	0.0113659
354	0.00883094
355	0.00674926
356	0.0050752
357	0.00375574
358	0.00273576
359	0.00196197
360	0.00138557
361	0.000963769
362	0.000660406
363	0.00044589
364	0.000296695
365	0.000194604
366	0.000125851
367	8.0268e-05
368	5.05093e-05
369	3.13737e-05
370	1.92513e-05
371	1.1684e-05
372	7.02825e-06
373	4.20454e-06
374	2.51605e-06
375	1.5203e-06
376	9.4113e-07
377	6.08773e-07
378	4.20465e-07
379	3.15149e-07
380	2.56865e-07
381	2.24871e-07
382	2.07393e-07
383	1.97744e-07
384	1.92281e-07
385	1.88976e-07
386	1.86776e-07
387	1.85079e-07
388	1.83582e-07
389	1.82185e-07
390	1.80718e-07
391	1.79213e-07
392	1.77652e-07
393	1.75941e-07
394	1.74194e-07
395	1.72332e-07
396	1.70342e-07
397	1.68316e-07
398	1.66142e-07
399	1.63882e-07
400	1.61558e-07
401	1.59087e-07
402	1.56558e-07
403	1.5393e-07
404	1.51181e-07
405	1.48374e-07
406	1.45449e-07
407	1.42432e-07
408	1.39341e-07
409	1.36133e-07
410	1.32849e-07
411	-6.16548e-07
412	-2.63564e-05
413	-0.00020552
414	-0.000889173
415	-0.00265557
416	-0.00547588
417	-0.00647181
418	-0.00306116
419	-0.000454676
