0	0
1	-1.02137e-41
2	-1.89992e-39
3	-1.51874e-37
4	-5.08626e-36
5	-7.37654e-35
6	-5.31221e-34
7	-2.39666e-33
8	-8.51242e-33
9	-2.75315e-32
10	-8.65005e-32
11	-2.68391e-31
12	-8.23167e-31
13	-2.49575e-30
14	-7.48051e-30
15	-2.21669e-29
16	-6.49456e-29
17	-1.88144e-28
18	-5.38961e-28
19	-1.52678e-27
20	-4.2774e-27
21	-1.18521e-26
22	-3.2483e-26
23	-8.80629e-26
24	-2.36178e-25
25	-6.26656e-25
26	-1.64511e-24
27	-4.27342e-24
28	-1.09851e-23
29	-2.79461e-23
30	-7.03655e-23
31	-1.75373e-22
32	-4.3268e-22
33	-1.05685e-21
34	-2.55589e-21
35	-6.12061e-21
36	-1.45149e-20
37	-3.4091e-20
38	-7.93077e-20
39	-1.82761e-19
40	-4.17243e-19
41	-9.43782e-19
42	-2.11532e-18
43	-4.69832e-18
44	-1.03422e-17
45	-2.25649e-17
46	-4.88024e-17
47	-1.04635e-16
48	-2.22422e-16
49	-4.68796e-16
50	-9.79788e-16
51	-2.03075e-15
52	-4.17438e-15
53	-8.5108e-15
54	-1.72117e-14
55	-3.45285e-14
56	-6.87166e-14
57	-1.35675e-13
58	-2.65777e-13
59	-5.16575e-13
60	-9.96247e-13
61	-1.9065e-12
62	-3.62041e-12
63	-6.82249e-12
64	-1.27587e-11
65	-2.36784e-11
66	-4.36109e-11
67	-7.97148e-11
68	-1.44607e-10
69	-2.60344e-10
70	-4.65179e-10
71	-8.24906e-10
72	-1.45178e-09
73	-2.53577e-09
74	-4.39568e-09
75	-7.5622e-09
76	-1.29113e-08
77	-2.1877e-08
78	-3.6787e-08
79	-6.13878e-08
80	-1.01659e-07
81	-1.6706e-07
82	-2.7243e-07
83	-4.40843e-07
84	-7.07861e-07
85	-1.12781e-06
86	-1.78293e-06
87	-2.7966e-06
88	-4.35222e-06
89	-6.71987e-06
90	-1.02935e-05
91	-1.56425e-05
92	-2.35813e-05
93	-3.5264e-05
94	-5.23093e-05
95	-7.69641e-05
96	-0.000112315
97	-0.000162557
98	-0.00023333
99	-0.000332125
100	-0.000468787
101	-0.000656089
102	-0.000910404
103	-0.00125244
104	-0.00170804
105	-0.00230899
106	-0.00309378
107	-0.00410829
108	-0.0054062
109	-0.00704917
110	-0.00910645
111	-0.0154182
112	-0.0261463
113	-0.0420823
114	-0.0630688
115	-0.0871153
116	-0.109867
117	-0.125109
118	-0.126751
119	-0.111874
120	-0.0832421
121	-0.0491891
122	-0.0199994
123	-0.00254781
124	0.00302361
125	0.00192121
126	-9.47825e-05
127	-0.00053636
128	-6.24534e-05
129	0.00015411
130	1.80275e-05
131	-5.18646e-05
132	3.16295e-06
133	1.75339e-05
134	-7.18414e-06
135	-3.664e-06
136	4.68309e-06
137	-1.20085e-06
138	-1.20296e-06
139	1.39677e-06
140	-5.67154e-07
141	-1.59307e-07
142	4.18607e-07
143	-3.37094e-07
144	1.44581e-07
145	1.26026e-08
146	-9.04107e-08
147	1.03048e-07
148	-8.09098e-08
149	4.88522e-08
150	-2.0669e-08
151	1.22399e-09
152	9.66321e-09
153	-1.41439e-08
154	1.45926e-08
155	-1.28811e-08
156	1.02309e-08
157	-7.31418e-09
158	4.416e-09
159	-1.5798e-09
160	-1.29229e-09
161	-2.95519e-10
162	8.49446e-10
163	1.58052e-09
164	1.37389e-09
165	3.52071e-10
166	-8.71222e-10
167	-1.66539e-09
168	-1.46373e-09
169	-4.13056e-10
170	9.01212e-10
171	1.75096e-09
172	1.56701e-09
173	4.73176e-10
174	-9.36141e-10
175	-1.83986e-09
176	-1.6864e-09
177	-5.27272e-10
178	9.70311e-10
179	1.94015e-09
180	1.8181e-09
181	5.76057e-10
182	-1.00168e-09
183	-2.06106e-09
184	-1.95257e-09
185	-6.29756e-10
186	1.03983e-09
187	2.20242e-09
188	2.08548e-09
189	6.99398e-10
190	-1.10248e-09
191	-2.3512e-09
192	-2.22906e-09
193	-7.78539e-10
194	1.19392e-09
195	2.5018e-09
196	2.39894e-09
197	8.44599e-10
198	-1.29353e-09
199	-2.67903e-09
200	-2.58301e-09
201	-8.93409e-10
202	1.3901e-09
203	2.9105e-09
204	2.75521e-09
205	9.45952e-10
206	-1.51353e-09
207	-3.17435e-09
208	-2.93703e-09
209	-9.88318e-10
210	1.68454e-09
211	3.43895e-09
212	3.16967e-09
213	9.76494e-10
214	-1.884e-09
215	-3.73555e-09
216	-3.41065e-09
217	-9.41309e-10
218	2.14113e-09
219	4.08384e-09
220	3.60718e-09
221	9.13382e-10
222	-2.4908e-09
223	-4.46061e-09
224	-3.79908e-09
225	-7.91501e-10
226	2.86311e-09
227	4.89367e-09
228	3.9783e-09
229	5.59517e-10
230	-3.29037e-09
231	-5.29549e-09
232	-3.9869e-09
233	4.62482e-11
234	4.79832e-09
235	8.24727e-09
236	1.08715e-08
237	1.73913e-08
238	3.96808e-08
239	1.01584e-07
240	2.5078e-07
241	5.84493e-07
242	1.30134e-06
243	2.79584e-06
244	5.82215e-06
245	1.1765e-05
246	2.30686e-05
247	4.38843e-05
248	8.09994e-05
249	0.000145092
250	0.000252314
251	0.000426127
252	0.000699195
253	0.00111503
254	0.0017289
255	0.00260746
256	0.00382648
257	0.00546623
258	0.00760423
259	0.0103057
260	0.0136121
261	0.0175296
262	0.0220186
263	0.0269865
264	0.0322858
265	0.037718
266	0.0430449
267	0.0480056
268	0.0523381
269	0.0558027
270	0.0582044
271	0.0594116
272	0.0593672
273	0.0580933
274	0.0556864
275	0.052306
276	0.0481578
277	0.0434734
278	0.03849
279	0.0334319
280	0.0284958
281	0.023841
282	0.019584
283	0.0157986
284	0.0125194
285	0.00974759
286	0.00745859
287	0.00560992
288	0.0041485
289	0.0030168
290	0.0021578
291	0.00151834
292	0.00105123
293	0.000716274
294	0.000480382
295	0.000317171
296	0.000206191
297	0.000132003
298	8.32344e-05
299	5.16998e-05
300	3.16375e-05
301	1.90767e-05
302	1.13357e-05
303	6.63879e-06
304	3.83246e-06
305	2.18108e-06
306	1.2238e-06
307	6.77105e-07
308	3.6944e-07
309	1.98794e-07
310	1.0552e-07
311	5.52279e-08
312	2.85394e-08
313	1.45337e-08
314	7.34577e-09
315	3.68609e-09
316	1.91166e-09
317	1.09862e-09
318	8.13737e-10
319	8.72948e-10
320	1.15646e-09
321	1.74301e-09
322	2.6159e-09
323	3.96941e-09
324	5.89589e-09
325	8.64992e-09
326	1.24839e-08
327	1.76934e-08
328	2.46988e-08
329	3.3829e-08
330	4.55826e-08
331	6.0277e-08
332	7.8277e-08
333	9.97331e-08
334	1.24561e-07
335	1.52427e-07
336	1.82452e-07
337	2.13411e-07
338	2.43388e-07
339	2.70031e-07
340	2.90545e-07
341	3.01925e-07
342	3.01572e-07
343	2.8768e-07
344	2.60382e-07
345	2.22467e-07
346	1.80432e-07
347	1.4514e-07
348	1.31592e-07
349	1.58102e-07
350	2.43439e-07
351	4.02857e-07
352	6.42474e-07
353	9.52923e-07
354	1.30404e-06
355	1.6415e-06
356	1.88845e-06
357	1.9531e-06
358	1.74319e-06
359	1.18659e-06
360	2.54278e-07
361	-1.0186e-06
362	-2.52022e-06
363	-4.06396e-06
364	-5.40785e-06
365	-6.2925e-06
366	-6.4911e-06
367	-5.86262e-06
368	-4.39543e-06
369	-2.22834e-06
370	3.58684e-07
371	2.9867e-06
372	5.24613e-06
373	6.77652e-06
374	7.34023e-06
375	6.87153e-06
376	5.48889e-06
377	3.46751e-06
378	1.17843e-06
379	-9.89881e-07
380	-2.70846e-06
381	-3.7661e-06
382	-4.09623e-06
383	-3.77026e-06
384	-2.96273e-06
385	-1.90014e-06
386	-8.07993e-07
387	1.32232e-07
388	8.08209e-07
389	1.18169e-06
390	1.27748e-06
391	1.16214e-06
392	9.19642e-07
393	6.30583e-07
394	3.58094e-07
395	1.41503e-07
396	-3.01682e-09
397	-7.75951e-08
398	-9.5752e-08
399	-7.56265e-08
400	-3.5078e-08
401	1.15662e-08
402	5.48355e-08
403	8.96312e-08
404	1.14436e-07
405	1.30205e-07
406	1.38877e-07
407	1.42696e-07
408	1.43826e-07
409	1.43778e-07
410	1.43505e-07
411	-2.32118e-06
412	-7.70684e-05
413	-0.00053208
414	-0.00201466
415	-0.00507955
416	-0.00835081
417	-0.00744857
418	-0.002713
419	-0.000345929
